0.000000	0.000000
0.140020	0.000000
0.180140	0.000000
0.180250	0.000000
0.220260	0.000000
0.220370	0.000000
0.220470	0.000000
0.220580	0.000000
0.260380	0.000000
0.260490	0.000000
0.260590	0.000000
0.260590	0.000000
0.260700	0.000000
0.260700	0.000000
0.260810	0.000000
0.260810	0.000000
0.260910	0.000000
0.260910	0.000000
0.261020	0.000000
0.261020	0.000000
0.261130	0.000000
0.261130	0.000000
0.300580	0.000000
0.300580	0.000000
0.300610	0.000000
0.300610	0.000000
0.300710	0.000000
0.300710	0.000000
0.300820	0.000000
0.300820	0.000000
0.300930	0.000000
0.300930	0.000000
0.301030	0.000000
0.301030	0.000000
0.301140	0.000000
0.301140	0.000000
0.301250	0.000000
0.301250	0.000000
0.301350	0.000000
0.301350	0.000000
0.301460	0.000000
0.301460	0.000000
0.341200	0.000000
0.341200	0.000000
0.341210	0.000000
0.341210	0.000000
0.341210	0.000000
0.341210	0.000000
0.341220	0.000000
0.341220	0.000000
0.341230	0.000000
0.341230	0.000000
0.341240	0.000000
0.341240	0.000000
0.341340	0.000000
0.341340	0.000000
0.341450	0.000000
0.341450	0.000000
0.341550	0.000000
0.341550	0.000000
0.341660	0.000000
0.341660	0.000000
0.381490	0.000000
0.381490	0.000000
0.381670	0.000000
0.381670	0.000000
0.581670	0.000000
0.621790	0.000000
0.661910	0.000000
0.662060	0.000000
0.702030	0.000000
0.702140	0.000000
0.702240	0.000000
0.702370	0.000000
0.742150	0.000000
0.742260	0.000000
0.742360	0.000000
0.742470	0.000000
0.742620	0.000000
0.782270	0.000000
0.782380	0.000000
0.782480	0.000000
0.782590	0.000000
0.782700	0.000000
0.782800	0.000000
0.822390	0.000000
0.822500	0.000000
0.822600	0.000000
0.822710	0.000000
0.822820	0.000000
0.822920	0.000000
0.823050	0.000000
0.862510	0.000000
0.862620	0.000000
0.862720	0.000000
0.862830	0.000000
0.862940	0.000000
0.863040	0.000000
0.863150	0.000000
0.863380	0.000000
0.902630	0.000000
0.902740	0.000000
0.902840	0.000000
0.902950	0.000000
0.903060	0.000000
0.903160	0.000000
0.903270	0.000000
0.903380	0.000000
0.942750	0.000000
0.942860	0.000000
0.942960	0.000000
0.943070	0.000000
0.943180	0.000000
0.943280	0.000000
0.943390	0.000000
0.943500	0.000000
0.982870	0.000000
0.982980	0.000000
0.983080	0.000000
0.983080	0.000000
0.983190	0.000000
0.983300	0.000000
0.983400	0.000000
0.983510	0.000000
0.983620	0.000000
0.983740	0.000000
0.983900	0.000000
1.022990	0.000000
1.023100	0.000000
1.023200	0.000000
1.023310	0.000000
1.023310	0.000000
1.023420	0.000000
1.023520	0.000000
1.023630	0.000000
1.023740	0.000000
1.023860	0.000000
1.024020	0.000000
1.063110	0.000000
1.063220	0.000000
1.063320	0.000000
1.063430	0.000000
1.063540	0.000000
1.063540	0.000000
1.063640	0.000000
1.063750	0.000000
1.063860	0.000000
1.063980	0.000000
1.064140	0.000000
1.103230	0.000000
1.103340	0.000000
1.103440	0.000000
1.103550	0.000000
1.103650	0.000000
1.103760	0.000000
1.103760	0.000000
1.103870	0.000000
1.103970	0.000000
1.104100	0.000000
1.104260	0.000000
1.143350	0.000000
1.143450	0.000000
1.143560	0.000000
1.143670	0.000000
1.143770	0.000000
1.143880	0.000000
1.143990	0.000000
1.143990	0.000000
1.144090	0.000000
1.144220	0.000000
1.144380	0.000000
1.183470	0.000000
1.183570	0.000000
1.183680	0.000000
1.183790	0.000000
1.183890	0.000000
1.184000	0.000000
1.184110	0.000000
1.184210	0.000000
1.184210	0.000000
1.184340	0.000000
1.184500	0.000000
1.223590	0.000000
1.223690	0.000000
1.223800	0.000000
1.223910	0.000000
1.224010	0.000000
1.224120	0.000000
1.224230	0.000000
1.224330	0.000000
1.224460	0.000000
1.224460	0.000000
1.224620	0.000000
1.263710	0.000000
1.263810	0.000000
1.263920	0.000000
1.264030	0.000000
1.264130	0.000000
1.264240	0.000000
1.264350	0.000000
1.264450	0.000000
1.264580	0.000000
1.264740	0.000000
1.264740	0.000000
1.303830	0.000000
1.303930	0.000000
1.304040	0.000000
1.304150	0.000000
1.304250	0.000000
1.304360	0.000000
1.304470	0.000000
1.304570	0.000000
1.304700	0.000000
1.304860	0.000000
1.343950	0.000000
1.343950	0.000000
1.344050	0.000000
1.344160	0.000000
1.344270	0.000000
1.344370	0.000000
1.344480	0.000000
1.344590	0.000000
1.344690	0.000000
1.344820	0.000000
1.344980	0.000000
1.384070	0.000000
1.384170	0.000000
1.384170	0.000000
1.384280	0.000000
1.384390	0.000000
1.384490	0.000000
1.384600	0.000000
1.384710	0.000000
1.384810	0.000000
1.384940	0.000000
1.385100	0.000000
1.424190	0.000000
1.424290	0.000000
1.424400	0.000000
1.424400	0.000000
1.424510	0.000000
1.424610	0.000000
1.424720	0.000000
1.424830	0.000000
1.424930	0.000000
1.425060	0.000000
1.425220	0.000000
1.464310	0.000000
1.464410	0.000000
1.464520	0.000000
1.464630	0.000000
1.464630	0.000000
1.464730	0.000000
1.464840	0.000000
1.464950	0.000000
1.465050	0.000000
1.465180	0.000000
1.465340	0.000000
1.504430	0.000000
1.504530	0.000000
1.504640	0.000000
1.504750	0.000000
1.504850	0.000000
1.504850	0.000000
1.504960	0.000000
1.505070	0.000000
1.505170	0.000000
1.505300	0.000000
1.505460	0.000000
1.705460	0.000000
2.040120	0.000000
2.080240	0.000000
2.080350	0.000000
2.120360	0.000000
2.120470	0.000000
2.120570	0.000000
2.120680	0.000000
2.160480	0.000000
2.160590	0.000000
2.160690	0.000000
2.160800	0.000000
2.160910	0.000000
2.200600	0.000000
2.200710	0.000000
2.200810	0.000000
2.200920	0.000000
2.201030	0.000000
2.201130	0.000000
2.240720	0.000000
2.240830	0.000000
2.240930	0.000000
2.241040	0.000000
2.241150	0.000000
2.241250	0.000000
2.241360	0.000000
2.280840	0.000000
2.280950	0.000000
2.281050	0.000000
2.281160	0.000000
2.281260	0.000000
2.281370	0.000000
2.281480	0.000000
2.281580	0.000000
2.320960	0.000000
2.321060	0.000000
2.321170	0.000000
2.321280	0.000000
2.321380	0.000000
2.321490	0.000000
2.321600	0.000000
2.321700	0.000000
2.321810	0.000000
2.361080	0.000000
2.361180	0.000000
2.361290	0.000000
2.361400	0.000000
2.361500	0.000000
2.361610	0.000000
2.361720	0.000000
2.361820	0.000000
2.361930	0.000000
2.362040	0.000000
2.362040	0.000000
2.401200	0.000000
2.401300	0.000000
2.401410	0.000000
2.401520	0.000000
2.401620	0.000000
2.401730	0.000000
2.401840	0.000000
2.401940	0.000000
2.402050	0.000000
2.402160	0.000000
2.441320	0.000000
2.441320	0.000000
2.441420	0.000000
2.441530	0.000000
2.441640	0.000000
2.441740	0.000000
2.441850	0.000000
2.441960	0.000000
2.442060	0.000000
2.442170	0.000000
2.442280	0.000000
2.481440	0.000000
2.481540	0.000000
2.481540	0.000000
2.481650	0.000000
2.481760	0.000000
2.481860	0.000000
2.481970	0.000000
2.482080	0.000000
2.482180	0.000000
2.482290	0.000000
2.482400	0.000000
2.521560	0.000000
2.521660	0.000000
2.521770	0.000000
2.521770	0.000000
2.521880	0.000000
2.521980	0.000000
2.522090	0.000000
2.522200	0.000000
2.522300	0.000000
2.522410	0.000000
2.522520	0.000000
2.561680	0.000000
2.561780	0.000000
2.561890	0.000000
2.562000	0.000000
2.562000	0.000000
2.562100	0.000000
2.562210	0.000000
2.562320	0.000000
2.562420	0.000000
2.562530	0.000000
2.562640	0.000000
2.601800	0.000000
2.601900	0.000000
2.602010	0.000000
2.602120	0.000000
2.602220	0.000000
2.602220	0.000000
2.602330	0.000000
2.602440	0.000000
2.602540	0.000000
2.602650	0.000000
2.602760	0.000000
2.641920	0.000000
2.642020	0.000000
2.642130	0.000000
2.642240	0.000000
2.642340	0.000000
2.642450	0.000000
2.642450	0.000000
2.642560	0.000000
2.642660	0.000000
2.642770	0.000000
2.642880	0.000000
2.682090	0.000000
2.682220	0.000000
2.682250	0.000000
2.682360	0.000000
2.682460	0.000000
2.682570	0.000000
2.682680	0.000000
2.682680	0.000000
2.682780	0.000000
2.682890	0.000000
2.683000	0.000000
2.722320	0.000000
2.722350	0.000000
2.723030	0.000000
2.723040	0.000000
2.723080	0.000000
2.723190	0.000000
2.762440	0.000000
2.762550	0.000000
2.762550	0.000000
2.763150	0.000000
2.763260	0.000000
2.763360	0.000000
2.763470	0.000000
2.763580	0.000000
2.763680	0.000000
2.763790	0.000000
2.763900	0.000000
2.802560	0.000000
2.802670	0.000000
2.803270	0.000000
2.803270	0.000000
2.803380	0.000000
2.803480	0.000000
2.803590	0.000000
2.803700	0.000000
2.803800	0.000000
2.803910	0.000000
2.804020	0.000000
2.842680	0.000000
2.842790	0.000000
2.843390	0.000000
2.843500	0.000000
2.843500	0.000000
2.843600	0.000000
2.843710	0.000000
2.843820	0.000000
2.843920	0.000000
2.844030	0.000000
2.844140	0.000000
2.882800	0.000000
2.882910	0.000000
2.883510	0.000000
2.883620	0.000000
2.883720	0.000000
2.883720	0.000000
2.883830	0.000000
2.883940	0.000000
2.884040	0.000000
2.884150	0.000000
2.884260	0.000000
2.922920	0.000000
2.923030	0.000000
2.923630	0.000000
2.923740	0.000000
2.923840	0.000000
2.923950	0.000000
2.923950	0.000000
2.924060	0.000000
2.924160	0.000000
2.924270	0.000000
2.924380	0.000000
2.963040	0.000000
2.963150	0.000000
2.963750	0.000000
2.963860	0.000000
2.963960	0.000000
2.964070	0.000000
2.964180	0.000000
2.964180	0.000000
2.964280	0.000000
2.964390	0.000000
2.964500	0.000000
3.003160	0.000000
3.003270	0.000000
3.003870	0.000000
3.003980	0.000000
3.004080	0.000000
3.004190	0.000000
3.004300	0.000000
3.004400	0.000000
3.004400	0.000000
3.004510	0.000000
3.004620	0.000000
3.204620	0.000000
