0.000000	1.000000
0.240020	1.000000
0.280140	1.000000
0.280250	1.000000
0.320260	1.000000
0.320370	1.000000
0.320470	1.000000
0.320580	1.000000
0.360380	1.000000
0.360490	1.000000
0.360590	1.000000
0.360700	1.000000
0.360830	1.000000
0.360970	1.000000
0.361090	1.000000
0.361200	1.000000
0.400500	1.000000
0.400610	1.000000
0.400710	1.000000
0.400820	1.000000
0.400930	1.000000
0.401030	1.000000
0.401140	1.000000
0.401250	1.000000
0.401350	1.000000
0.401480	1.000000
0.401650	1.000000
0.401900	1.000000
0.402020	1.000000
0.402210	1.000000
0.402400	1.000000
0.402510	1.000000
0.440620	1.000000
0.440730	1.000000
0.440830	1.000000
0.440940	1.000000
0.441050	1.000000
0.441150	1.000000
0.441260	1.000000
0.441370	1.000000
0.441470	1.000000
0.441580	1.000000
0.441690	1.000000
0.441950	1.000000
0.442140	1.000000
0.442240	1.000000
0.442350	1.000000
0.442460	1.000000
0.442560	1.000000
0.442670	1.000000
0.442780	1.000000
0.442880	1.000000
0.480740	1.000000
0.480850	1.000000
0.480950	1.000000
0.481060	1.000000
0.481170	1.000000
0.481270	1.000000
0.481380	1.000000
0.481490	1.000000
0.481590	1.000000
0.481700	1.000000
0.481810	1.000000
0.482070	1.000000
0.482260	1.000000
0.482360	1.000000
0.482470	1.000000
0.482580	1.000000
0.482680	1.000000
0.482790	1.000000
0.482900	1.000000
0.483000	1.000000
0.520860	1.000000
0.520970	1.000000
0.521070	1.000000
0.521180	1.000000
0.521290	1.000000
0.521390	1.000000
0.521500	1.000000
0.521610	1.000000
0.521710	1.000000
0.521820	1.000000
0.521930	1.000000
0.522190	1.000000
0.522380	1.000000
0.522480	1.000000
0.522590	1.000000
0.522700	1.000000
0.522800	1.000000
0.522910	1.000000
0.523020	1.000000
0.523120	1.000000
0.560980	1.000000
0.561090	1.000000
0.561190	1.000000
0.561300	1.000000
0.561410	1.000000
0.561510	1.000000
0.561620	1.000000
0.561730	1.000000
0.561830	1.000000
0.561940	1.000000
0.562050	1.000000
0.562310	1.000000
0.562500	1.000000
0.562600	1.000000
0.562710	1.000000
0.562820	1.000000
0.562920	1.000000
0.563030	1.000000
0.563140	1.000000
0.563240	1.000000
0.601100	1.000000
0.601210	1.000000
0.601310	1.000000
0.601420	1.000000
0.601530	1.000000
0.601630	1.000000
0.601790	1.000000
0.601850	1.000000
0.601950	1.000000
0.602060	1.000000
0.602170	1.000000
0.602430	1.000000
0.602620	1.000000
0.602720	1.000000
0.602830	1.000000
0.602940	1.000000
0.603040	1.000000
0.603150	1.000000
0.603260	1.000000
0.603360	1.000000
0.641220	1.000000
0.641330	1.000000
0.641430	1.000000
0.641540	1.000000
0.641650	1.000000
0.641750	1.000000
0.642060	1.000000
0.642130	1.000000
0.642230	1.000000
0.642340	1.000000
0.642550	1.000000
0.642740	1.000000
0.642840	1.000000
0.642950	1.000000
0.643060	1.000000
0.643160	1.000000
0.643270	1.000000
0.643380	1.000000
0.643480	1.000000
0.681340	1.000000
0.681450	1.000000
0.681550	1.000000
0.681660	1.000000
0.681770	1.000000
0.681870	1.000000
0.682250	1.000000
0.682370	1.000000
0.682400	1.000000
0.682500	1.000000
0.682610	1.000000
0.682720	1.000000
0.682860	1.000000
0.682960	1.000000
0.683070	1.000000
0.683180	1.000000
0.683280	1.000000
0.683390	1.000000
0.683490	1.000000
0.683600	1.000000
0.721460	1.000000
0.721570	1.000000
0.721670	1.000000
0.721780	1.000000
0.721880	1.000000
0.721990	1.000000
0.722630	1.000000
0.722700	1.000000
0.722810	1.000000
0.722920	1.000000
0.723020	1.000000
0.723130	1.000000
0.723230	1.000000
0.723340	1.000000
0.723450	1.000000
0.723550	1.000000
0.723660	1.000000
0.723770	1.000000
0.761580	1.000000
0.761680	1.000000
0.761790	1.000000
0.761900	1.000000
0.762000	1.000000
0.762110	1.000000
0.762800	1.000000
0.762850	1.000000
0.762960	1.000000
0.763070	1.000000
0.763170	1.000000
0.763280	1.000000
0.763390	1.000000
0.763490	1.000000
0.763600	1.000000
0.763710	1.000000
0.763810	1.000000
0.763920	1.000000
0.764030	1.000000
0.764130	1.000000
0.801700	1.000000
0.801800	1.000000
0.801910	1.000000
0.802020	1.000000
0.802120	1.000000
0.802230	1.000000
0.802930	1.000000
0.803050	1.000000
0.803140	1.000000
0.803240	1.000000
0.803350	1.000000
0.803460	1.000000
0.803560	1.000000
0.803670	1.000000
0.803780	1.000000
0.803880	1.000000
0.803990	1.000000
0.804100	1.000000
0.804200	1.000000
0.804310	1.000000
0.841820	1.000000
0.841920	1.000000
0.842030	1.000000
0.842140	1.000000
0.842240	1.000000
0.842350	1.000000
0.843150	1.000000
0.843180	1.000000
0.843300	1.000000
0.843380	1.000000
0.843490	1.000000
0.843590	1.000000
0.843700	1.000000
0.843810	1.000000
0.843910	1.000000
0.844020	1.000000
0.844130	1.000000
0.844230	1.000000
0.844340	1.000000
0.844450	1.000000
0.881940	1.000000
0.882040	1.000000
0.882150	1.000000
0.882260	1.000000
0.882360	1.000000
0.882470	1.000000
0.883380	1.000000
0.883380	1.000000
0.883510	1.000000
0.883610	1.000000
0.883720	1.000000
0.883820	1.000000
0.883930	1.000000
0.884040	1.000000
0.884140	1.000000
0.884250	1.000000
0.884360	1.000000
0.884460	1.000000
0.884570	1.000000
0.884680	1.000000
0.922060	1.000000
0.922160	1.000000
0.922270	1.000000
0.922380	1.000000
0.922480	1.000000
0.922590	1.000000
0.923500	1.000000
0.923600	1.000000
0.923740	1.000000
0.923850	1.000000
0.923950	1.000000
0.924060	1.000000
0.924170	1.000000
0.924270	1.000000
0.924380	1.000000
0.924490	1.000000
0.924590	1.000000
0.924700	1.000000
0.924810	1.000000
0.924910	1.000000
0.962180	1.000000
0.962280	1.000000
0.962390	1.000000
0.962500	1.000000
0.962600	1.000000
0.962710	1.000000
0.963620	1.000000
0.963900	1.000000
0.963910	1.000000
0.963970	1.000000
0.964070	1.000000
0.964180	1.000000
0.964290	1.000000
0.964390	1.000000
0.964500	1.000000
0.964610	1.000000
0.964710	1.000000
0.964820	1.000000
0.964930	1.000000
0.965030	1.000000
1.002300	1.000000
1.002400	1.000000
1.002510	1.000000
1.002620	1.000000
1.002720	1.000000
1.002830	1.000000
1.003740	1.000000
1.004020	1.000000
1.004130	1.000000
1.004230	1.000000
1.004340	1.000000
1.004450	1.000000
1.004550	1.000000
1.004660	1.000000
1.004770	1.000000
1.004870	1.000000
1.004980	1.000000
1.005090	1.000000
1.005190	1.000000
1.005300	1.000000
1.042420	1.000000
1.042520	1.000000
1.042630	1.000000
1.042740	1.000000
1.042840	1.000000
1.042950	1.000000
1.043860	1.000000
1.044140	1.000000
1.044250	1.000000
1.044350	1.000000
1.044460	1.000000
1.044570	1.000000
1.044670	1.000000
1.044780	1.000000
1.044890	1.000000
1.044990	1.000000
1.045100	1.000000
1.045210	1.000000
1.045310	1.000000
1.045420	1.000000
1.082540	1.000000
1.082640	1.000000
1.082750	1.000000
1.082860	1.000000
1.082960	1.000000
1.083070	1.000000
1.083980	1.000000
1.084260	1.000000
1.084370	1.000000
1.084470	1.000000
1.084580	1.000000
1.084690	1.000000
1.084790	1.000000
1.084900	1.000000
1.085010	1.000000
1.085110	1.000000
1.085220	1.000000
1.085330	1.000000
1.085430	1.000000
1.085540	1.000000
1.122660	1.000000
1.122760	1.000000
1.122870	1.000000
1.122980	1.000000
1.123080	1.000000
1.123190	1.000000
1.124100	1.000000
1.124380	1.000000
1.124490	1.000000
1.124590	1.000000
1.124700	1.000000
1.124810	1.000000
1.124910	1.000000
1.125020	1.000000
1.125130	1.000000
1.125230	1.000000
1.125340	1.000000
1.125450	1.000000
1.125550	1.000000
1.125660	1.000000
1.162780	1.000000
1.162880	1.000000
1.162990	1.000000
1.163100	1.000000
1.163200	1.000000
1.163310	1.000000
1.164220	1.000000
1.164500	1.000000
1.164610	1.000000
1.164710	1.000000
1.164820	1.000000
1.164930	1.000000
1.165030	1.000000
1.165140	1.000000
1.165250	1.000000
1.165350	1.000000
1.165460	1.000000
1.165560	1.000000
1.165670	1.000000
1.165780	1.000000
1.202900	1.000000
1.203000	1.000000
1.203110	1.000000
1.203220	1.000000
1.203320	1.000000
1.203430	1.000000
1.204340	1.000000
1.204620	1.000000
1.204730	1.000000
1.204830	1.000000
1.204940	1.000000
1.205050	1.000000
1.205150	1.000000
1.205260	1.000000
1.205360	1.000000
1.205470	1.000000
1.205580	1.000000
1.205680	1.000000
1.205790	1.000000
1.205900	1.000000
1.243020	1.000000
1.243120	1.000000
1.243230	1.000000
1.243340	1.000000
1.243440	1.000000
1.243550	1.000000
1.244460	1.000000
1.244740	1.000000
1.244840	1.000000
1.244950	1.000000
1.245060	1.000000
1.245160	1.000000
1.245270	1.000000
1.245380	1.000000
1.245480	1.000000
1.245590	1.000000
1.245700	1.000000
1.245800	1.000000
1.245910	1.000000
1.246020	1.000000
1.283140	1.000000
1.283240	1.000000
1.283350	1.000000
1.283460	1.000000
1.283560	1.000000
1.283670	1.000000
1.284580	1.000000
1.284860	1.000000
1.284960	1.000000
1.285070	1.000000
1.285180	1.000000
1.285280	1.000000
1.285390	1.000000
1.285500	1.000000
1.285600	1.000000
1.285710	1.000000
1.285820	1.000000
1.285920	1.000000
1.286030	1.000000
1.286140	1.000000
1.323260	1.000000
1.323360	1.000000
1.323470	1.000000
1.323580	1.000000
1.323680	1.000000
1.323790	1.000000
1.324700	1.000000
1.324980	1.000000
1.325080	1.000000
1.325190	1.000000
1.325300	1.000000
1.325400	1.000000
1.325510	1.000000
1.325620	1.000000
1.325720	1.000000
1.325830	1.000000
1.325940	1.000000
1.326040	1.000000
1.326150	1.000000
1.326260	1.000000
1.363380	1.000000
1.363480	1.000000
1.363590	1.000000
1.363690	1.000000
1.363800	1.000000
1.363910	1.000000
1.364820	1.000000
1.365100	1.000000
1.365200	1.000000
1.365310	1.000000
1.365420	1.000000
1.365520	1.000000
1.365630	1.000000
1.365740	1.000000
1.365840	1.000000
1.365950	1.000000
1.366060	1.000000
1.366160	1.000000
1.366270	1.000000
1.366380	1.000000
1.403490	1.000000
1.403600	1.000000
1.403710	1.000000
1.403810	1.000000
1.403920	1.000000
1.404030	1.000000
1.404940	1.000000
1.405220	1.000000
1.405320	1.000000
1.405430	1.000000
1.405540	1.000000
1.405640	1.000000
1.405750	1.000000
1.405860	1.000000
1.405960	1.000000
1.406070	1.000000
1.406180	1.000000
1.406280	1.000000
1.406390	1.000000
1.406500	1.000000
1.443610	1.000000
1.443720	1.000000
1.443830	1.000000
1.443930	1.000000
1.444040	1.000000
1.444150	1.000000
1.445060	1.000000
1.445340	1.000000
1.445440	1.000000
1.445550	1.000000
1.445660	1.000000
1.445760	1.000000
1.445870	1.000000
1.445980	1.000000
1.446080	1.000000
1.446190	1.000000
1.446300	1.000000
1.446400	1.000000
1.446510	1.000000
1.446620	1.000000
1.483730	1.000000
1.483840	1.000000
1.483950	1.000000
1.484050	1.000000
1.484160	1.000000
1.484270	1.000000
1.485180	1.000000
1.485460	1.000000
1.485560	1.000000
1.485670	1.000000
1.485780	1.000000
1.485880	1.000000
1.485990	1.000000
1.486100	1.000000
1.486200	1.000000
1.486310	1.000000
1.486420	1.000000
1.486520	1.000000
1.486630	1.000000
1.486740	1.000000
1.523850	1.000000
1.523960	1.000000
1.524070	1.000000
1.524170	1.000000
1.524280	1.000000
1.524390	1.000000
1.525300	1.000000
1.525580	1.000000
1.525680	1.000000
1.525790	1.000000
1.525900	1.000000
1.526000	1.000000
1.526110	1.000000
1.526220	1.000000
1.526320	1.000000
1.526430	1.000000
1.526540	1.000000
1.526640	1.000000
1.526750	1.000000
1.526860	1.000000
1.563970	1.000000
1.564080	1.000000
1.564190	1.000000
1.564290	1.000000
1.564400	1.000000
1.564510	1.000000
1.565420	1.000000
1.565700	1.000000
1.565800	1.000000
1.565910	1.000000
1.566020	1.000000
1.566120	1.000000
1.566230	1.000000
1.566340	1.000000
1.566440	1.000000
1.566550	1.000000
1.566660	1.000000
1.566760	1.000000
1.566870	1.000000
1.566980	1.000000
1.604090	1.000000
1.604200	1.000000
1.604310	1.000000
1.604410	1.000000
1.604520	1.000000
1.604630	1.000000
1.605530	1.000000
1.605820	1.000000
1.605920	1.000000
1.606030	1.000000
1.606140	1.000000
1.606240	1.000000
1.606350	1.000000
1.606460	1.000000
1.606560	1.000000
1.606670	1.000000
1.606780	1.000000
1.606880	1.000000
1.606990	1.000000
1.607100	1.000000
1.644210	1.000000
1.644320	1.000000
1.644430	1.000000
1.644530	1.000000
1.644640	1.000000
1.644750	1.000000
1.645650	1.000000
1.645940	1.000000
1.646040	1.000000
1.646150	1.000000
1.646260	1.000000
1.646360	1.000000
1.646470	1.000000
1.646580	1.000000
1.646680	1.000000
1.646790	1.000000
1.646900	1.000000
1.647000	1.000000
1.647110	1.000000
1.647220	1.000000
1.684330	1.000000
1.684440	1.000000
1.684550	1.000000
1.684650	1.000000
1.684760	1.000000
1.684870	1.000000
1.685770	1.000000
1.686060	1.000000
1.686160	1.000000
1.686270	1.000000
1.686380	1.000000
1.686480	1.000000
1.686590	1.000000
1.686700	1.000000
1.686800	1.000000
1.686910	1.000000
1.687020	1.000000
1.687120	1.000000
1.687230	1.000000
1.687340	1.000000
1.724450	1.000000
1.724560	1.000000
1.724670	1.000000
1.724770	1.000000
1.724880	1.000000
1.724990	1.000000
1.725890	1.000000
1.726180	1.000000
1.726280	1.000000
1.726390	1.000000
1.726500	1.000000
1.726600	1.000000
1.726710	1.000000
1.726820	1.000000
1.726920	1.000000
1.727030	1.000000
1.727140	1.000000
1.727240	1.000000
1.727350	1.000000
1.727460	1.000000
1.764570	1.000000
1.764680	1.000000
1.764790	1.000000
1.764890	1.000000
1.765000	1.000000
1.765110	1.000000
1.766010	1.000000
1.766300	1.000000
1.766400	1.000000
1.766510	1.000000
1.766620	1.000000
1.766720	1.000000
1.766830	1.000000
1.766940	1.000000
1.767040	1.000000
1.767150	1.000000
1.767260	1.000000
1.767360	1.000000
1.767470	1.000000
1.767570	1.000000
1.804690	1.000000
1.804800	1.000000
1.804910	1.000000
1.805010	1.000000
1.805120	1.000000
1.805230	1.000000
1.806130	1.000000
1.806420	1.000000
1.806520	1.000000
1.806630	1.000000
1.806740	1.000000
1.806840	1.000000
1.806950	1.000000
1.807060	1.000000
1.807160	1.000000
1.807270	1.000000
1.807370	1.000000
1.807480	1.000000
1.807590	1.000000
1.807690	1.000000
1.844810	1.000000
1.844920	1.000000
1.845030	1.000000
1.845130	1.000000
1.845240	1.000000
1.845350	1.000000
1.846250	1.000000
1.846540	1.000000
1.846640	1.000000
1.846750	1.000000
1.846860	1.000000
1.846960	1.000000
1.847070	1.000000
1.847170	1.000000
1.847280	1.000000
1.847390	1.000000
1.847490	1.000000
1.847600	1.000000
1.847710	1.000000
1.847810	1.000000
1.884930	1.000000
1.885040	1.000000
1.885150	1.000000
1.885250	1.000000
1.885360	1.000000
1.885470	1.000000
1.886370	1.000000
1.886660	1.000000
1.886760	1.000000
1.886870	1.000000
1.886970	1.000000
1.887080	1.000000
1.887190	1.000000
1.887290	1.000000
1.887400	1.000000
1.887510	1.000000
1.887610	1.000000
1.887720	1.000000
1.887830	1.000000
1.887930	1.000000
1.925050	1.000000
1.925160	1.000000
1.925270	1.000000
1.925370	1.000000
1.925480	1.000000
1.925590	1.000000
1.926490	1.000000
1.926770	1.000000
1.926880	1.000000
1.926990	1.000000
1.927090	1.000000
1.927200	1.000000
1.927310	1.000000
1.927410	1.000000
1.927520	1.000000
1.927630	1.000000
1.927730	1.000000
1.927840	1.000000
1.927950	1.000000
1.928050	1.000000
1.965170	1.000000
1.965280	1.000000
1.965390	1.000000
1.965490	1.000000
1.965600	1.000000
1.965710	1.000000
1.966610	1.000000
1.966890	1.000000
1.967000	1.000000
1.967110	1.000000
1.967210	1.000000
1.967320	1.000000
1.967430	1.000000
1.967530	1.000000
1.967640	1.000000
1.967750	1.000000
1.967850	1.000000
1.967960	1.000000
1.968070	1.000000
1.968170	1.000000
2.005290	1.000000
2.005400	1.000000
2.005510	1.000000
2.005610	1.000000
2.005720	1.000000
2.005820	1.000000
2.006730	1.000000
2.007010	1.000000
2.007120	1.000000
2.007230	1.000000
2.007330	1.000000
2.007440	1.000000
2.007550	1.000000
2.007650	1.000000
2.007760	1.000000
2.007870	1.000000
2.007970	1.000000
2.008080	1.000000
2.008190	1.000000
2.008290	1.000000
2.208290	1.000000
2.540120	1.000000
2.580240	1.000000
2.580350	1.000000
2.620360	1.000000
2.620470	1.000000
2.620570	1.000000
2.620680	1.000000
2.660480	1.000000
2.660590	1.000000
2.660690	1.000000
2.660800	1.000000
2.660910	1.000000
2.661010	1.000000
2.661120	1.000000
2.661230	1.000000
2.700600	1.000000
2.700710	1.000000
2.700810	1.000000
2.700920	1.000000
2.701030	1.000000
2.701130	1.000000
2.701240	1.000000
2.701350	1.000000
2.701450	1.000000
2.701560	1.000000
2.701660	1.000000
2.701770	1.000000
2.701880	1.000000
2.701980	1.000000
2.702090	1.000000
2.702220	1.000000
2.740720	1.000000
2.740830	1.000000
2.740930	1.000000
2.741040	1.000000
2.741150	1.000000
2.741250	1.000000
2.741360	1.000000
2.741460	1.000000
2.741570	1.000000
2.741680	1.000000
2.741780	1.000000
2.741890	1.000000
2.742000	1.000000
2.742100	1.000000
2.742210	1.000000
2.742320	1.000000
2.742550	1.000000
2.742700	1.000000
2.742880	1.000000
2.743030	1.000000
2.780840	1.000000
2.780950	1.000000
2.781050	1.000000
2.781160	1.000000
2.781260	1.000000
2.781370	1.000000
2.781480	1.000000
2.781580	1.000000
2.781690	1.000000
2.781800	1.000000
2.781900	1.000000
2.782010	1.000000
2.782120	1.000000
2.782220	1.000000
2.782330	1.000000
2.782440	1.000000
2.782670	1.000000
2.782820	1.000000
2.783000	1.000000
2.783150	1.000000
2.820960	1.000000
2.821060	1.000000
2.821170	1.000000
2.821280	1.000000
2.821380	1.000000
2.821490	1.000000
2.821600	1.000000
2.821700	1.000000
2.821810	1.000000
2.821920	1.000000
2.822020	1.000000
2.822130	1.000000
2.822240	1.000000
2.822340	1.000000
2.822450	1.000000
2.822560	1.000000
2.822790	1.000000
2.822940	1.000000
2.823120	1.000000
2.823270	1.000000
2.861080	1.000000
2.861180	1.000000
2.861290	1.000000
2.861400	1.000000
2.861500	1.000000
2.861610	1.000000
2.861720	1.000000
2.861820	1.000000
2.861930	1.000000
2.862040	1.000000
2.862140	1.000000
2.862250	1.000000
2.862360	1.000000
2.862460	1.000000
2.862570	1.000000
2.862680	1.000000
2.862910	1.000000
2.863060	1.000000
2.863240	1.000000
2.863390	1.000000
2.901200	1.000000
2.901300	1.000000
2.901410	1.000000
2.901520	1.000000
2.901620	1.000000
2.901730	1.000000
2.901840	1.000000
2.901940	1.000000
2.902050	1.000000
2.902160	1.000000
2.902260	1.000000
2.902370	1.000000
2.902480	1.000000
2.902580	1.000000
2.902690	1.000000
2.902800	1.000000
2.903030	1.000000
2.903180	1.000000
2.903360	1.000000
2.903510	1.000000
2.941320	1.000000
2.941420	1.000000
2.941530	1.000000
2.941640	1.000000
2.941740	1.000000
2.941850	1.000000
2.941960	1.000000
2.942060	1.000000
2.942170	1.000000
2.942280	1.000000
2.942380	1.000000
2.942490	1.000000
2.942600	1.000000
2.942700	1.000000
2.942810	1.000000
2.942920	1.000000
2.943150	1.000000
2.943300	1.000000
2.943480	1.000000
2.943630	1.000000
2.981440	1.000000
2.981540	1.000000
2.981650	1.000000
2.981760	1.000000
2.981860	1.000000
2.981970	1.000000
2.982080	1.000000
2.982180	1.000000
2.982290	1.000000
2.982400	1.000000
2.982500	1.000000
2.982610	1.000000
2.982720	1.000000
2.982820	1.000000
2.982930	1.000000
2.983040	1.000000
2.983270	1.000000
2.983420	1.000000
2.983600	1.000000
2.983750	1.000000
3.021560	1.000000
3.021660	1.000000
3.021770	1.000000
3.021880	1.000000
3.021980	1.000000
3.022090	1.000000
3.022200	1.000000
3.022300	1.000000
3.022410	1.000000
3.022520	1.000000
3.022620	1.000000
3.022730	1.000000
3.022840	1.000000
3.022940	1.000000
3.023050	1.000000
3.023160	1.000000
3.023390	1.000000
3.023540	1.000000
3.023720	1.000000
3.023870	1.000000
3.061680	1.000000
3.061780	1.000000
3.061890	1.000000
3.062000	1.000000
3.062100	1.000000
3.062210	1.000000
3.062320	1.000000
3.062420	1.000000
3.062530	1.000000
3.062640	1.000000
3.062740	1.000000
3.062850	1.000000
3.062960	1.000000
3.063060	1.000000
3.063170	1.000000
3.063280	1.000000
3.063510	1.000000
3.063660	1.000000
3.063840	1.000000
3.063990	1.000000
3.101800	1.000000
3.101900	1.000000
3.102010	1.000000
3.102120	1.000000
3.102220	1.000000
3.102330	1.000000
3.102440	1.000000
3.102540	1.000000
3.102650	1.000000
3.102760	1.000000
3.102860	1.000000
3.102970	1.000000
3.103080	1.000000
3.103180	1.000000
3.103290	1.000000
3.103400	1.000000
3.103630	1.000000
3.103780	1.000000
3.103960	1.000000
3.104110	1.000000
3.141920	1.000000
3.142020	1.000000
3.142130	1.000000
3.142240	1.000000
3.142340	1.000000
3.142450	1.000000
3.142560	1.000000
3.142660	1.000000
3.142770	1.000000
3.142880	1.000000
3.142980	1.000000
3.143090	1.000000
3.143200	1.000000
3.143300	1.000000
3.143410	1.000000
3.143520	1.000000
3.143750	1.000000
3.143900	1.000000
3.144080	1.000000
3.144230	1.000000
3.182040	1.000000
3.182140	1.000000
3.182250	1.000000
3.182360	1.000000
3.182460	1.000000
3.182570	1.000000
3.182680	1.000000
3.182780	1.000000
3.182890	1.000000
3.183000	1.000000
3.183100	1.000000
3.183210	1.000000
3.183320	1.000000
3.183420	1.000000
3.183530	1.000000
3.183640	1.000000
3.183870	1.000000
3.184020	1.000000
3.184200	1.000000
3.184350	1.000000
3.222160	1.000000
3.222260	1.000000
3.222370	1.000000
3.222480	1.000000
3.222580	1.000000
3.222690	1.000000
3.222800	1.000000
3.222900	1.000000
3.223010	1.000000
3.223120	1.000000
3.223220	1.000000
3.223330	1.000000
3.223440	1.000000
3.223540	1.000000
3.223650	1.000000
3.223760	1.000000
3.223990	1.000000
3.224140	1.000000
3.224320	1.000000
3.224470	1.000000
3.262280	1.000000
3.262380	1.000000
3.262490	1.000000
3.262600	1.000000
3.262700	1.000000
3.262810	1.000000
3.262920	1.000000
3.263020	1.000000
3.263130	1.000000
3.263240	1.000000
3.263340	1.000000
3.263450	1.000000
3.263560	1.000000
3.263660	1.000000
3.263770	1.000000
3.263880	1.000000
3.264110	1.000000
3.264260	1.000000
3.264440	1.000000
3.264590	1.000000
3.302400	1.000000
3.302500	1.000000
3.302610	1.000000
3.302720	1.000000
3.302820	1.000000
3.302930	1.000000
3.303040	1.000000
3.303140	1.000000
3.303250	1.000000
3.303360	1.000000
3.303460	1.000000
3.303570	1.000000
3.303680	1.000000
3.303780	1.000000
3.303890	1.000000
3.303990	1.000000
3.304230	1.000000
3.304380	1.000000
3.304560	1.000000
3.304710	1.000000
3.342520	1.000000
3.342620	1.000000
3.342730	1.000000
3.342840	1.000000
3.342940	1.000000
3.343050	1.000000
3.343160	1.000000
3.343260	1.000000
3.343370	1.000000
3.343480	1.000000
3.343580	1.000000
3.343690	1.000000
3.343790	1.000000
3.343900	1.000000
3.344010	1.000000
3.344110	1.000000
3.344350	1.000000
3.344500	1.000000
3.344680	1.000000
3.344830	1.000000
3.382640	1.000000
3.382740	1.000000
3.382850	1.000000
3.382960	1.000000
3.383060	1.000000
3.383170	1.000000
3.383280	1.000000
3.383380	1.000000
3.383490	1.000000
3.383590	1.000000
3.383700	1.000000
3.383810	1.000000
3.383910	1.000000
3.384020	1.000000
3.384130	1.000000
3.384230	1.000000
3.384460	1.000000
3.384620	1.000000
3.384800	1.000000
3.384950	1.000000
3.422760	1.000000
3.422860	1.000000
3.422970	1.000000
3.423080	1.000000
3.423180	1.000000
3.423290	1.000000
3.423390	1.000000
3.423500	1.000000
3.423610	1.000000
3.423710	1.000000
3.423820	1.000000
3.423930	1.000000
3.424030	1.000000
3.424140	1.000000
3.424250	1.000000
3.424350	1.000000
3.424580	1.000000
3.424740	1.000000
3.424920	1.000000
3.425070	1.000000
3.462880	1.000000
3.462980	1.000000
3.463090	1.000000
3.463190	1.000000
3.463300	1.000000
3.463410	1.000000
3.463510	1.000000
3.463620	1.000000
3.463730	1.000000
3.463830	1.000000
3.463940	1.000000
3.464050	1.000000
3.464150	1.000000
3.464260	1.000000
3.464370	1.000000
3.464470	1.000000
3.464700	1.000000
3.464860	1.000000
3.465040	1.000000
3.465190	1.000000
3.502990	1.000000
3.503100	1.000000
3.503210	1.000000
3.503310	1.000000
3.503420	1.000000
3.503530	1.000000
3.503630	1.000000
3.503740	1.000000
3.503850	1.000000
3.503950	1.000000
3.504060	1.000000
3.504170	1.000000
3.504270	1.000000
3.504380	1.000000
3.504490	1.000000
3.504590	1.000000
3.504820	1.000000
3.504980	1.000000
3.505160	1.000000
3.505310	1.000000
3.543110	1.000000
3.543220	1.000000
3.543330	1.000000
3.543430	1.000000
3.543540	1.000000
3.543650	1.000000
3.543750	1.000000
3.543860	1.000000
3.543970	1.000000
3.544070	1.000000
3.544180	1.000000
3.544290	1.000000
3.544390	1.000000
3.544500	1.000000
3.544610	1.000000
3.544710	1.000000
3.544940	1.000000
3.545100	1.000000
3.545280	1.000000
3.545430	1.000000
3.583230	1.000000
3.583340	1.000000
3.583450	1.000000
3.583550	1.000000
3.583660	1.000000
3.583770	1.000000
3.583870	1.000000
3.583980	1.000000
3.584090	1.000000
3.584190	1.000000
3.584300	1.000000
3.584410	1.000000
3.584510	1.000000
3.584620	1.000000
3.584730	1.000000
3.584830	1.000000
3.585060	1.000000
3.585220	1.000000
3.585400	1.000000
3.585550	1.000000
3.623350	1.000000
3.623460	1.000000
3.623570	1.000000
3.623670	1.000000
3.623780	1.000000
3.623890	1.000000
3.623990	1.000000
3.624100	1.000000
3.624210	1.000000
3.624310	1.000000
3.624420	1.000000
3.624530	1.000000
3.624630	1.000000
3.624740	1.000000
3.624850	1.000000
3.624950	1.000000
3.625180	1.000000
3.625340	1.000000
3.625520	1.000000
3.625670	1.000000
3.663470	1.000000
3.663580	1.000000
3.663690	1.000000
3.663790	1.000000
3.663900	1.000000
3.664010	1.000000
3.664110	1.000000
3.664220	1.000000
3.664330	1.000000
3.664430	1.000000
3.664540	1.000000
3.664650	1.000000
3.664750	1.000000
3.664860	1.000000
3.664970	1.000000
3.665070	1.000000
3.665300	1.000000
3.665460	1.000000
3.665640	1.000000
3.665790	1.000000
3.703590	1.000000
3.703700	1.000000
3.703810	1.000000
3.703910	1.000000
3.704020	1.000000
3.704130	1.000000
3.704230	1.000000
3.704340	1.000000
3.704450	1.000000
3.704550	1.000000
3.704660	1.000000
3.704770	1.000000
3.704870	1.000000
3.704980	1.000000
3.705090	1.000000
3.705190	1.000000
3.705420	1.000000
3.705580	1.000000
3.705760	1.000000
3.705910	1.000000
3.743710	1.000000
3.743820	1.000000
3.743930	1.000000
3.744030	1.000000
3.744140	1.000000
3.744250	1.000000
3.744350	1.000000
3.744460	1.000000
3.744570	1.000000
3.744670	1.000000
3.744780	1.000000
3.744890	1.000000
3.744990	1.000000
3.745100	1.000000
3.745210	1.000000
3.745310	1.000000
3.745540	1.000000
3.745700	1.000000
3.745880	1.000000
3.746030	1.000000
3.783830	1.000000
3.783940	1.000000
3.784050	1.000000
3.784150	1.000000
3.784260	1.000000
3.784370	1.000000
3.784470	1.000000
3.784580	1.000000
3.784690	1.000000
3.784790	1.000000
3.784900	1.000000
3.785010	1.000000
3.785110	1.000000
3.785220	1.000000
3.785330	1.000000
3.785430	1.000000
3.785660	1.000000
3.785820	1.000000
3.786000	1.000000
3.786150	1.000000
3.823950	1.000000
3.824060	1.000000
3.824170	1.000000
3.824270	1.000000
3.824380	1.000000
3.824490	1.000000
3.824590	1.000000
3.824700	1.000000
3.824810	1.000000
3.824910	1.000000
3.825020	1.000000
3.825130	1.000000
3.825230	1.000000
3.825340	1.000000
3.825450	1.000000
3.825550	1.000000
3.825780	1.000000
3.825940	1.000000
3.826120	1.000000
3.826270	1.000000
3.864070	1.000000
3.864180	1.000000
3.864290	1.000000
3.864390	1.000000
3.864500	1.000000
3.864610	1.000000
3.864710	1.000000
3.864820	1.000000
3.864930	1.000000
3.865030	1.000000
3.865140	1.000000
3.865250	1.000000
3.865350	1.000000
3.865460	1.000000
3.865570	1.000000
3.865670	1.000000
3.865900	1.000000
3.866060	1.000000
3.866240	1.000000
3.866380	1.000000
3.904190	1.000000
3.904300	1.000000
3.904410	1.000000
3.904510	1.000000
3.904620	1.000000
3.904730	1.000000
3.904830	1.000000
3.904940	1.000000
3.905050	1.000000
3.905150	1.000000
3.905260	1.000000
3.905370	1.000000
3.905470	1.000000
3.905580	1.000000
3.905690	1.000000
3.905790	1.000000
3.906020	1.000000
3.906180	1.000000
3.906360	1.000000
3.906500	1.000000
3.944310	1.000000
3.944420	1.000000
3.944530	1.000000
3.944630	1.000000
3.944740	1.000000
3.944850	1.000000
3.944950	1.000000
3.945060	1.000000
3.945170	1.000000
3.945270	1.000000
3.945380	1.000000
3.945490	1.000000
3.945590	1.000000
3.945700	1.000000
3.945810	1.000000
3.945910	1.000000
3.946140	1.000000
3.946300	1.000000
3.946480	1.000000
3.946620	1.000000
3.984430	1.000000
3.984540	1.000000
3.984650	1.000000
3.984750	1.000000
3.984860	1.000000
3.984970	1.000000
3.985070	1.000000
3.985180	1.000000
3.985290	1.000000
3.985390	1.000000
3.985500	1.000000
3.985610	1.000000
3.985710	1.000000
3.985820	1.000000
3.985920	1.000000
3.986030	1.000000
3.986260	1.000000
3.986420	1.000000
3.986600	1.000000
3.986740	1.000000
4.024550	1.000000
4.024660	1.000000
4.024770	1.000000
4.024870	1.000000
4.024980	1.000000
4.025090	1.000000
4.025190	1.000000
4.025300	1.000000
4.025410	1.000000
4.025510	1.000000
4.025620	1.000000
4.025720	1.000000
4.025830	1.000000
4.025940	1.000000
4.026040	1.000000
4.026150	1.000000
4.026380	1.000000
4.026540	1.000000
4.026720	1.000000
4.026860	1.000000
4.226860	1.000000
